0	0.992605
0.0006	0.996785
0.0012	0.998135
0.0018	0.997749
0.0024	1.009
0.003	1.00276
0.0036	0.999228
0.0042	0.991898
0.0048	0.999164
0.0054	0.996335
0.006	0.999293
0.0066	0.999678
0.0072	0.987847
0.0078	0.989262
0.0084	0.998843
0.009	0.995499
0.0096	0.993313
0.0102	0.991834
0.0108	0.994084
0.0114	0.989069
0.012	0.98669
0.0126	0.991127
0.0132	0.988876
0.0138	0.990226
0.0144	0.987333
0.015	0.986818
0.0156	0.985404
0.0162	0.976273
0.0168	0.992155
0.0174	0.984504
0.018	0.987204
0.0186	0.977623
0.0192	0.989326
0.0198	0.982832
0.0204	0.978717
0.021	0.978009
0.0216	0.985725
0.0222	0.98251
0.0228	0.970872
0.0234	0.968943
0.024	0.973894
0.0246	0.977431
0.0252	0.976916
0.0258	0.983089
0.0264	0.968621
0.027	0.972544
0.0276	0.970229
0.0282	0.969715
0.0288	0.966821
0.0294	0.966499
0.03	0.972801
0.0306	0.965985
0.0312	0.990741
0.0318	0.965149
0.0324	0.973508
0.033	0.955761
0.0336	0.962256
0.0342	0.955954
0.0348	0.962191
0.0354	0.972865
0.036	0.955761
0.0366	0.958655
0.0372	0.960262
0.0378	0.965985
0.0384	0.959426
0.039	0.963027
0.0396	0.956211
0.0402	0.961613
0.0408	0.956854
0.0414	0.961741
0.042	0.961677
0.0426	0.954347
0.0432	0.950424
0.0438	0.953125
0.0444	0.955633
0.045	0.951003
0.0456	0.95814
0.0462	0.949974
0.0468	0.948817
0.0474	0.957497
0.048	0.940458
0.0486	0.956662
0.0492	0.938207
0.0498	0.956533
0.0504	0.939043
0.051	0.943994
0.0516	0.946309
0.0522	0.954154
0.0528	0.942065
0.0534	0.948367
0.054	0.956083
0.0546	0.932549
0.0552	0.94528
0.0558	0.951453
0.0564	0.943737
0.057	0.943416
0.0576	0.938272
0.0582	0.949524
0.0588	0.94811
0.0594	0.946566
0.06	0.950296
0.0606	0.935185
0.0612	0.937178
0.0618	0.940779
0.0624	0.935314
0.063	0.9384
0.0636	0.93152
0.0642	0.929334
0.0648	0.948302
0.0654	0.937371
0.066	0.924254
0.0666	0.927019
0.0672	0.938272
0.0678	0.927019
0.0684	0.939493
0.069	0.938786
0.0696	0.92509
0.0702	0.924833
0.0708	0.932613
0.0714	0.937371
0.072	0.931842
0.0726	0.922904
0.0732	0.926119
0.0738	0.933835
0.0744	0.918724
0.075	0.924704
0.0756	0.918853
0.0762	0.922068
0.0768	0.932742
0.0774	0.92284
0.078	0.922325
0.0786	0.923032
0.0792	0.924318
0.0798	0.924318
0.0804	0.913773
0.081	0.924704
0.0816	0.924704
0.0822	0.92091
0.0828	0.916924
0.0834	0.9076
0.084	0.914738
0.0846	0.909594
0.0852	0.908115
0.0858	0.91448
0.0864	0.919174
0.087	0.90715
0.0876	0.907729
0.0882	0.916024
0.0888	0.912294
0.0894	0.896798
0.09	0.917181
0.0906	0.903678
0.0912	0.915766
0.0918	0.90445
0.0924	0.903935
0.093	0.90625
0.0936	0.914995
0.0942	0.90535
0.0948	0.902456
0.0954	0.89847
0.096	0.904514
0.0966	0.903356
0.0972	0.906379
0.0978	0.905928
0.0984	0.904964
0.099	0.898341
0.0996	0.894354
0.1002	0.895705
0.1008	0.894612
0.1014	0.900913
0.102	0.897377
0.1026	0.893519
0.1032	0.898148
0.1038	0.895512
0.1044	0.900206
0.105	0.897505
0.1056	0.897505
0.1062	0.891847
0.1068	0.896541
0.1074	0.903099
0.108	0.893068
0.1086	0.895962
0.1092	0.897248
0.1098	0.892811
0.1104	0.901363
0.111	0.887667
0.1116	0.88921
0.1122	0.881366
0.1128	0.889725
0.1134	0.887153
0.114	0.887024
0.1146	0.879758
0.1152	0.889403
0.1158	0.891139
0.1164	0.877894
0.117	0.880015
0.1176	0.879694
0.1182	0.885867
0.1188	0.877572
0.1194	0.888117
0.12	0.879887
0.1206	0.888182
0.1212	0.891397
0.1218	0.876543
0.1224	0.872171
0.123	0.870628
0.1236	0.881623
0.1242	0.883166
0.1248	0.871914
0.1254	0.87082
0.126	0.879051
0.1266	0.869985
0.1272	0.87455
0.1278	0.877894
0.1284	0.877572
0.129	0.855581
0.1296	0.869792
0.1302	0.883616
0.1308	0.873457
0.1314	0.861883
0.132	0.866962
0.1326	0.864776
0.1332	0.866319
0.1338	0.872106
0.1344	0.856289
0.135	0.861433
0.1356	0.865741
0.1362	0.874486
0.1368	0.866255
0.1374	0.866448
0.138	0.861818
0.1386	0.852688
0.1392	0.862269
0.1398	0.86169
0.1404	0.868699
0.141	0.850566
0.1416	0.859053
0.1422	0.857189
0.1428	0.853974
0.1434	0.845808
0.144	0.867927
0.1446	0.862847
0.1452	0.849923
0.1458	0.856803
0.1464	0.864133
0.147	0.84883
0.1476	0.846836
0.1482	0.853652
0.1488	0.859697
0.1494	0.840985
0.15	0.863619
0.1506	0.84465
0.1512	0.858089
0.1518	0.852816
0.1524	0.844072
0.153	0.83732
0.1536	0.843236
0.1542	0.846258
0.1548	0.848958
0.1554	0.840728
0.156	0.850373
0.1566	0.840278
0.1572	0.846515
0.1578	0.848315
0.1584	0.837834
0.159	0.850116
0.1596	0.839828
0.1602	0.835841
0.1608	0.844264
0.1614	0.836163
0.162	0.839313
0.1626	0.839378
0.1632	0.836548
0.1638	0.825103
0.1644	0.833205
0.165	0.826582
0.1656	0.822531
0.1662	0.834877
0.1668	0.833205
0.1674	0.828382
0.168	0.830954
0.1686	0.834555
0.1692	0.832626
0.1698	0.83822
0.1704	0.830376
0.171	0.833333
0.1716	0.834362
0.1722	0.835198
0.1728	0.824846
0.1734	0.828511
0.174	0.829668
0.1746	0.838284
0.1752	0.815458
0.1758	0.833398
0.1764	0.821952
0.177	0.81938
0.1776	0.821373
0.1782	0.819766
0.1788	0.822531
0.1794	0.823174
0.18	0.822981
0.1806	0.815201
0.1812	0.817901
0.1818	0.821502
0.1824	0.826453
0.183	0.824974
0.1836	0.810764
0.1842	0.821502
0.1848	0.814236
0.1854	0.805877
0.186	0.810892
0.1866	0.810828
0.1872	0.813014
0.1878	0.818544
0.1884	0.821888
0.189	0.818544
0.1896	0.810442
0.1902	0.809349
0.1908	0.813079
0.1914	0.822467
0.192	0.822852
0.1926	0.808899
0.1932	0.812178
0.1938	0.808063
0.1944	0.805748
0.195	0.809799
0.1956	0.809221
0.1962	0.792953
0.1968	0.807356
0.1974	0.794689
0.198	0.80009
0.1986	0.79874
0.1992	0.798418
0.1998	0.81385
0.2004	0.796682
0.201	0.80472
0.2016	0.810892
0.2022	0.802919
0.2028	0.781443
0.2034	0.790445
0.204	0.78678
0.2046	0.796682
0.2052	0.792503
0.2058	0.80742
0.2064	0.796682
0.207	0.80697
0.2076	0.795332
0.2082	0.782343
0.2088	0.791088
0.2094	0.783243
0.21	0.799061
0.2106	0.811857
0.2112	0.801183
0.2118	0.784401
0.2124	0.791667
0.213	0.791731
0.2136	0.782407
0.2142	0.785044
0.2148	0.78768
0.2154	0.776749
0.216	0.7808
0.2166	0.783758
0.2172	0.792374
0.2178	0.791988
0.2184	0.787294
0.219	0.77527
0.2196	0.776427
0.2202	0.77482
0.2208	0.779514
0.2214	0.778292
0.222	0.765432
0.2226	0.783693
0.2232	0.764082
0.2238	0.770255
0.2244	0.775141
0.225	0.785108
0.2256	0.761317
0.2262	0.760417
0.2268	0.775784
0.2274	0.790638
0.228	0.790445
0.2286	0.7817
0.2292	0.765239
0.2298	0.769033
0.2304	0.759131
0.231	0.76151
0.2316	0.769419
0.2322	0.776492
0.2328	0.773277
0.2334	0.759967
0.234	0.769805
0.2346	0.773405
0.2352	0.768519
0.2358	0.757716
0.2364	0.754051
0.237	0.756687
0.2376	0.76106
0.2382	0.755723
0.2388	0.768904
0.2394	0.757073
0.24	0.768133
0.2406	0.759131
0.2412	0.767683
0.2418	0.748907
0.2424	0.766911
0.243	0.760674
0.2436	0.74865
0.2442	0.748007
0.2448	0.753344
0.2454	0.752636
0.246	0.749614
0.2466	0.740291
0.2472	0.760352
0.2478	0.757523
0.2484	0.748392
0.249	0.737204
0.2496	0.756559
0.2502	0.757266
0.2508	0.741705
0.2514	0.752958
0.252	0.753665
0.2526	0.736175
0.2532	0.755015
0.2538	0.753215
0.2544	0.736947
0.255	0.748714
0.2556	0.74357
0.2562	0.736047
0.2568	0.744727
0.2574	0.753665
0.258	0.754308
0.2586	0.746142
0.2592	0.735275
0.2598	0.745306
0.2604	0.747171
0.261	0.752508
0.2616	0.750514
0.2622	0.741898
0.2628	0.751029
0.2634	0.74582
0.264	0.741384
0.2646	0.744084
0.2652	0.736883
0.2658	0.739519
0.2664	0.73534
0.267	0.731546
0.2676	0.743056
0.2682	0.730453
0.2688	0.73759
0.2694	0.742605
0.27	0.739455
0.2706	0.723251
0.2712	0.727431
0.2718	0.729231
0.2724	0.721836
0.273	0.717785
0.2736	0.72383
0.2742	0.73206
0.2748	0.734375
0.2754	0.728909
0.276	0.738426
0.2766	0.72981
0.2772	0.730838
0.2778	0.719843
0.2784	0.717528
0.279	0.720036
0.2796	0.713606
0.2802	0.726595
0.2808	0.728266
0.2814	0.724216
0.282	0.717464
0.2826	0.72383
0.2832	0.728459
0.2838	0.72936
0.2844	0.722158
0.285	0.705954
0.2856	0.730003
0.2862	0.716564
0.2868	0.714828
0.2874	0.717142
0.288	0.719007
0.2886	0.715985
0.2892	0.712899
0.2898	0.711034
0.2904	0.71875
0.291	0.702803
0.2916	0.71142
0.2922	0.704604
0.2928	0.710198
0.2934	0.713606
0.294	0.711034
0.2946	0.697659
0.2952	0.70634
0.2958	0.707433
0.2964	0.70216
0.297	0.702611
0.2976	0.690072
0.2982	0.698945
0.2988	0.704347
0.2994	0.678176
0.3	0.693158
0.3006	0.68197
0.3012	0.678755
0.3018	0.688979
0.3024	0.693094
0.303	0.705633
0.3036	0.716499
0.3042	0.715278
0.3048	0.69258
0.3054	0.701003
0.306	0.69856
0.3066	0.706597
0.3072	0.680813
0.3078	0.681584
0.3084	0.687757
0.309	0.676119
0.3096	0.681649
0.3102	0.679591
0.3108	0.678176
0.3114	0.682227
0.312	0.695023
0.3126	0.696116
0.3132	0.6893
0.3138	0.676698
0.3144	0.670653
0.315	0.70216
0.3156	0.667953
0.3162	0.669753
0.3168	0.697016
0.3174	0.698945
0.318	0.686471
0.3186	0.693094
0.3192	0.677405
0.3198	0.674833
0.3204	0.66866
0.321	0.649949
0.3216	0.662166
0.3222	0.67972
0.3228	0.679141
0.3234	0.676055
0.324	0.668789
0.3246	0.666988
0.3252	0.659851
0.3258	0.668017
0.3264	0.657922
0.327	0.664995
0.3276	0.660751
0.3282	0.679077
0.3288	0.682163
0.3294	0.675347
0.33	0.669432
0.3306	0.664159
0.3312	0.669303
0.3318	0.64564
0.3324	0.675604
0.333	0.675347
0.3336	0.655736
0.3342	0.663452
0.3348	0.661008
0.3354	0.659787
0.336	0.666795
0.3366	0.66313
0.3372	0.66956
0.3378	0.655478
0.3384	0.661201
0.339	0.658693
0.3396	0.654964
0.3402	0.674447
0.3408	0.655414
0.3414	0.640303
0.342	0.640368
0.3426	0.651942
0.3432	0.641332
0.3438	0.647698
0.3444	0.646026
0.345	0.63188
0.3456	0.645962
0.3462	0.649691
0.3468	0.65625
0.3474	0.653099
0.348	0.626286
0.3486	0.640432
0.3492	0.650141
0.3498	0.649756
0.3504	0.644419
0.351	0.64159
0.3516	0.648148
0.3522	0.64204
0.3528	0.645319
0.3534	0.641847
0.354	0.641268
0.3546	0.631366
0.3552	0.623457
0.3558	0.639082
0.3564	0.644547
0.357	0.62545
0.3576	0.632716
0.3582	0.64339
0.3588	0.627251
0.3594	0.630851
0.36	0.627508
0.3606	0.614841
0.3612	0.624228
0.3618	0.628215
0.3624	0.636317
0.363	0.636124
0.3636	0.633552
0.3642	0.620242
0.3648	0.627765
0.3654	0.608218
0.366	0.627701
0.3666	0.627315
0.3672	0.631301
0.3678	0.628022
0.3684	0.599023
0.369	0.625193
0.3696	0.647891
0.3702	0.634774
0.3708	0.619985
0.3714	0.629565
0.372	0.621592
0.3726	0.618056
0.3732	0.622749
0.3738	0.618056
0.3744	0.611304
0.375	0.614069
0.3756	0.609954
0.3762	0.61992
0.3768	0.606739
0.3774	0.598765
0.378	0.596322
0.3786	0.594072
0.3792	0.587256
0.3798	0.600116
0.3804	0.616448
0.381	0.590728
0.3816	0.595036
0.3822	0.614841
0.3828	0.612204
0.3834	0.602173
0.384	0.586548
0.3846	0.595293
0.3852	0.609825
0.3858	0.610983
0.3864	0.596836
0.387	0.60108
0.3876	0.594393
0.3882	0.582433
0.3888	0.596451
0.3894	0.594715
0.39	0.602495
0.3906	0.592207
0.3912	0.596515
0.3918	0.592271
0.3924	0.602816
0.393	0.609246
0.3936	0.592721
0.3942	0.581469
0.3948	0.584234
0.3954	0.589956
0.396	0.589378
0.3966	0.597865
0.3972	0.588927
0.3978	0.573238
0.3984	0.571631
0.399	0.568737
0.3996	0.577289
0.4002	0.586484
0.4008	0.567065
0.4014	0.568609
0.402	0.57401
0.4026	0.568609
0.4032	0.571888
0.4038	0.585712
0.4044	0.573817
0.405	0.572016
0.4056	0.564943
0.4062	0.547454
0.4068	0.549704
0.4074	0.56713
0.408	0.564558
0.4086	0.571373
0.4092	0.570859
0.4098	0.559606
0.4104	0.557485
0.411	0.55787
0.4116	0.564429
0.4122	0.559606
0.4128	0.563593
0.4134	0.569059
0.414	0.570087
0.4146	0.558706
0.4152	0.57356
0.4158	0.566937
0.4164	0.56385
0.417	0.561664
0.4176	0.549447
0.4182	0.555105
0.4188	0.559092
0.4194	0.554334
0.42	0.559221
0.4206	0.555041
0.4212	0.565972
0.4218	0.566294
0.4224	0.558578
0.423	0.541795
0.4236	0.536973
0.4242	0.53813
0.4248	0.543017
0.4254	0.524884
0.426	0.523148
0.4266	0.533372
0.4272	0.525077
0.4278	0.495177
0.4284	0.496978
0.429	0.498392
0.4296	0.491577
0.4302	0.477752
0.4308	0.475887
0.4314	0.481224
0.432	0.502765
0.4326	0.490162
0.4332	0.516011
0.4338	0.513246
0.4344	0.512667
0.435	0.508552
0.4356	0.510738
0.4362	0.519483
0.4368	0.515882
0.4374	0.498328
0.438	0.518326
0.4386	0.507266
0.4392	0.502829
0.4398	0.47981
0.4404	0.480838
0.441	0.493441
0.4416	0.518133
0.4422	0.50418
0.4428	0.50418
0.4434	0.509131
0.444	0.504115
0.4446	0.480067
0.4452	0.481353
0.4458	0.487526
0.4464	0.479102
0.447	0.480453
0.4476	0.487076
0.4482	0.479038
0.4488	0.461613
0.4494	0.473573
0.45	0.470872
0.4506	0.469779
0.4512	0.461355
0.4518	0.462256
0.4524	0.458398
0.453	0.460134
0.4536	0.456019
0.4542	0.450553
0.4548	0.451582
0.4554	0.454797
0.456	0.438336
0.4566	0.453639
0.4572	0.468943
0.4578	0.474216
0.4584	0.445988
0.459	0.451582
0.4596	0.469843
0.4602	0.475244
0.4608	0.473508
0.4614	0.464635
0.462	0.462577
0.4626	0.45679
0.4632	0.450939
0.4638	0.44856
0.4644	0.461677
0.465	0.433963
0.4656	0.43795
0.4662	0.443673
0.4668	0.449781
0.4674	0.447081
0.468	0.445345
0.4686	0.442001
0.4692	0.417695
0.4698	0.422711
0.4704	0.416795
0.471	0.392554
0.4716	0.388889
0.4722	0.393583
0.4728	0.397377
0.4734	0.402392
0.474	0.40805
0.4746	0.41043
0.4752	0.402263
0.4758	0.390818
0.4764	0.39429
0.477	0.392554
0.4776	0.381752
0.4782	0.398148
0.4788	0.381237
0.4794	0.388374
0.48	0.374936
0.4806	0.371656
0.4812	0.344393
0.4818	0.331854
0.4824	0.341628
0.483	0.313657
0.4836	0.299254
0.4842	0.281829
0.4848	0.287423
0.4854	0.288902
0.486	0.274949
0.4866	0.263889
0.4872	0.246206
0.4878	0.240291
0.4884	0.253408
0.489	0.242798
0.4896	0.233025
0.4902	0.229424
0.4908	0.223315
0.4914	0.211484
0.492	0.201646
0.4926	0.183642
0.4932	0.178241
0.4938	0.175154
0.4944	0.169946
0.495	0.157279
0.4956	0.143647
0.4962	0.134709
0.4968	0.142618
0.4974	0.122235
0.498	0.109889
0.4986	0.11034
0.4992	0.109053
0.4998	0.106289
0.5004	0.102109
0.501	0.0778035
0.5016	0.0669367
0.5022	0.0714378
0.5028	0.0635931
0.5034	0.0435957
0.504	0.0282279
0.5046	0.0178755
0.5052	0.0204475
0.5058	0.0176826
0.5064	0.0198688
0.507	0.0138246
0.5076	0.0202546
0.5082	0.0257202
0.5088	0.0231481
0.5094	0.025463
0.51	0.0292567
0.5106	0.0265561
0.5112	0.0181327
0.5118	0.0259131
0.5124	0.033179
0.513	0.0270062
0.5136	0.0235983
0.5142	0.0283565
0.5148	0.02482
0.5154	0.0196759
0.516	0.025463
0.5166	0.0253344
0.5172	0.0207047
0.5178	0.011124
0.5184	0.0160108
0.519	0.0225051
0.5196	0.0279707
0.5202	0.0222479
0.5208	0.0189043
0.5214	0.0155607
0.522	0.0219264
0.5226	0.0196116
0.5232	0.0167181
0.5238	0.0230195
0.5244	0.0207047
0.525	0.0172968
0.5256	0.0186471
0.5262	0.0246271
0.5268	0.0248843
0.5274	0.0235983
0.528	0.0225694
0.5286	0.0223122
0.5292	0.0201903
0.5298	0.0210905
0.5304	0.0270062
0.531	0.0227623
0.5316	0.0205761
0.5322	0.0148534
0.5328	0.0134388
0.5334	0.0164609
0.534	0.0174254
0.5346	0.0173611
0.5352	0.0135674
0.5358	0.00810185
0.5364	0.0151106
0.537	0.019483
0.5376	0.0228266
0.5382	0.0169753
0.5388	0.0133102
0.5394	0.011767
0.54	0.0122171
0.5406	0.0131816
0.5412	0.014339
0.5418	0.0116384
0.5424	0.0131816
0.543	0.011767
0.5436	0.016911
0.5442	0.016911
0.5448	0.0165252
0.5454	0.0146605
0.546	0.0118313
0.5466	0.0167181
0.5472	0.0155607
0.5478	0.0163323
0.5484	0.0154964
0.549	0.0190329
0.5496	0.0134388
0.5502	0.0116384
0.5508	0.0133745
0.5514	0.0243056
0.552	0.021412
0.5526	0.013696
0.5532	0.0148534
0.5538	0.00900206
0.5544	0.00675154
0.555	0.0176826
0.5556	0.0126029
0.5562	0.00887346
0.5568	0.014339
0.5574	0.0153678
0.558	0.0109311
0.5586	0.00983796
0.5592	0.0133745
0.5598	0.00913066
0.5604	0.00707305
0.561	0.00932356
0.5616	0.00758745
0.5622	0.00887346
0.5628	0.00938786
0.5634	0.0131173
0.564	0.0176183
0.5646	0.0185185
0.5652	0.00887346
0.5658	0.0108668
0.5664	0.0118956
0.567	0.0142747
0.5676	0.0142747
0.5682	0.0138889
0.5688	0.0102881
0.5694	0.0131816
0.57	0.0131816
0.5706	0.00726595
0.5712	0.00726595
0.5718	0.00797325
0.5724	0.00437243
0.573	0.0116384
0.5736	0.00964506
0.5742	0.00758745
0.5748	0.0100309
0.5754	0.00848765
0.576	0.00585134
0.5766	0.00405093
0.5772	0.00482253
0.5778	0.00996656
0.5784	0.00643004
0.579	0.00437243
0.5796	0.00681584
0.5802	0.00765175
0.5808	0.00874486
0.5814	0.0101595
0.582	0.00533693
0.5826	0.00842335
0.5832	0.00784465
0.5838	0.00778035
0.5844	0.00572274
0.585	0.00604424
0.5856	0.00880916
0.5862	0.00829475
0.5868	0.00495113
0.5874	0.00958076
0.588	0.0103524
0.5886	0.00810185
0.5892	0.00720165
0.5898	0.00739455
0.5904	0.00810185
0.591	0.0107382
0.5916	0.0151749
0.5922	0.00996656
0.5928	0.00855195
0.5934	0.00546553
0.594	0.00392233
0.5946	0.00958076
0.5952	0.00977366
0.5958	0.00958076
0.5964	0.00887346
0.597	0.00733025
0.5976	0.01241
0.5982	0.00919496
0.5988	0.00739455
0.5994	0.00662294
0.6	0.00726595
0.6006	0.00617284
0.6012	0.00353652
0.6018	0.00559414
0.6024	0.00469393
0.603	0.00289352
0.6036	0.00610854
0.6042	0.00295782
0.6048	0.00417953
0.6054	0.00610854
0.606	0.00835905
0.6066	0.0100309
0.6072	0.00880916
0.6078	0.00141461
0.6084	0.00218621
0.609	0.00379372
0.6096	0.00443673
0.6102	0.00360082
0.6108	0.00816615
0.6114	0.00951646
0.612	0.00173611
0.6126	0.000578704
0.6132	0.00784465
0.6138	0.00784465
0.6144	0.00559414
0.615	0.00681584
0.6156	0.00771605
0.6162	0.00482253
0.6168	0.00816615
0.6174	0.00675154
0.618	0.00765175
0.6186	0.00797325
0.6192	0.00559414
0.6198	0.00456533
0.6204	0.00745885
0.621	0.00630144
0.6216	0.00347222
0.6222	0.00340792
0.6228	0.00707305
0.6234	0.00540123
0.624	0.00623714
0.6246	0.00874486
0.6252	0.00591564
0.6258	0.00675154
0.6264	0.00630144
0.627	0.00282922
0.6276	0.00385802
0.6282	0.00411523
0.6288	0.00424383
0.6294	0.00868056
0.63	0.00868056
0.6306	0.00552984
0.6312	0.00270062
0.6318	0.00565844
0.6324	0.00797325
0.633	0.00411523
0.6336	0.00205761
0.6342	0.00321502
0.6348	0.00488683
0.6354	0.00514403
0.636	0.00321502
0.6366	0.00295782
0.6372	0.00405093
0.6378	0.00520833
0.6384	0.00411523
0.639	0.00713735
0.6396	0.00495113
0.6402	0.00270062
0.6408	0.00527263
0.6414	0.00372942
0.642	0.00327932
0.6426	0.00327932
0.6432	0.00115741
0.6438	0.00488683
0.6444	0.00655864
0.645	0.00694444
0.6456	0.00282922
0.6462	0.00225051
0.6468	0.00392233
0.6474	0.00713735
0.648	0.00443673
0.6486	0.00154321
0.6492	0.000771605
0.6498	0.00128601
0.6504	0.000257202
0.651	0
0.6516	0.00237912
0.6522	0.00495113
0.6528	0.00353652
0.6534	0.00321502
0.654	0.00289352
0.6546	0.00308642
0.6552	0.00321502
0.6558	0.00276492
0.6564	0.00135031
0.657	0.00167181
0.6576	0.00372942
0.6582	0.00237912
0.6588	0.00572274
0.6594	0.00192901
0.66	0.00450103
0.6606	0.00321502
0.6612	0.00154321
0.6618	0.00315072
0.6624	0.00520833
0.663	0.00482253
0.6636	0.00360082
0.6642	0.00218621
0.6648	0.00334362
0.6654	0.00430813
0.666	0.00289352
0.6666	0.00212191
0.6672	0.00366512
0.6678	0.00379372
0.6684	0.00250772
0.669	0.000835905
0.6696	0.00109311
0.6702	0.00302212
0.6708	0.00321502
0.6714	0.00276492
0.672	0.00135031
0.6726	0.00186471
0.6732	0.000578704
0.6738	0.00180041
0.6744	0.00225051
0.675	0.00315072
0.6756	0.00372942
0.6762	0.00321502
0.6768	0.00315072
0.6774	0.00154321
0.678	0.00186471
0.6786	0.00250772
0.6792	0.00186471
0.6798	0.000771605
0.6804	0.00237912
0.681	0.00270062
0.6816	0.00289352
0.6822	0.00334362
0.6828	0.00180041
0.6834	0.00212191
0.684	0.00276492
0.6846	0.00282922
0.6852	0.00411523
0.6858	0.00128601
0.6864	0.000964506
0.687	0.00160751
0.6876	0.00115741
0.6882	0.00475823
0.6888	0.00231481
0.6894	0.00167181
0.69	0.00141461
0.6906	0
0.6912	0.00321502
0.6918	0.00141461
0.6924	0.000771605
0.693	0.000771605
0.6936	0.000900206
0.6942	0.000643004
0.6948	0.00122171
0.6954	0.00212191
0.696	0.00334362
0.6966	0.00405093
0.6972	0.00321502
0.6978	0.00501543
0.6984	0.00411523
0.699	0.00327932
0.6996	0.00488683
0.7002	0.00270062
0.7008	0.000385802
0.7014	0.00199331
0.702	0.00321502
0.7026	0.000964506
0.7032	0.00205761
0.7038	0.00456533
0.7044	0.00437243
0.705	0.00244342
0.7056	0.00347222
0.7062	0.00257202
0.7068	0.00154321
0.7074	0.000578704
0.708	0
0.7086	0.000643004
0.7092	0.00180041
0.7098	0.000514403
0.7104	0.00180041
0.711	0.00128601
0.7116	0.000771605
0.7122	0.00231481
0.7128	0.00282922
0.7134	0.00263632
0.714	0.000321502
0.7146	0.000900206
0.7152	0.00244342
0.7158	0.00225051
0.7164	0.00295782
0.717	0.000707305
0.7176	0
0.7182	0
0.7188	0
0.7194	0.00128601
0.72	0.00122171
0.7206	0.000578704
0.7212	0.00102881
0.7218	0.00128601
0.7224	0.000771605
0.723	0
0.7236	0.00218621
0.7242	0.000900206
0.7248	0
0.7254	0.00109311
0.726	0.000450103
0.7266	0
0.7272	0.00237912
0.7278	0.00173611
0.7284	0.000514403
0.729	0.00192901
0.7296	0.000900206
0.7302	0.00102881
0.7308	0.00141461
0.7314	0.00173611
0.732	0.00257202
0.7326	0.00192901
0.7332	0.000578704
0.7338	0
0.7344	0.000964506
0.735	0.00109311
0.7356	0.00186471
0.7362	0.00141461
0.7368	0.00295782
0.7374	0.00167181
0.738	0.00154321
0.7386	0.000835905
0.7392	0.00115741
0.7398	0.000385802
0.7404	0.00128601
0.741	0.00141461
0.7416	0.00270062
0.7422	0.000385802
0.7428	0
0.7434	0
0.744	0.00102881
0.7446	0.00282922
0.7452	0.00154321
0.7458	0.00199331
0.7464	0.000321502
0.747	0.00180041
0.7476	0.00128601
0.7482	0
0.7488	0
0.7494	0.000771605
0.75	0.000771605
0.7506	0
0.7512	0
0.7518	0.00199331
0.7524	0.00340792
0.753	0.00141461
0.7536	0.00205761
0.7542	0.00102881
0.7548	0
0.7554	0.00128601
0.756	0.00128601
0.7566	0.000514403
0.7572	0
0.7578	0
0.7584	0.00115741
0.759	0.000385802
0.7596	0.000835905
0.7602	0.000707305
0.7608	0.00212191
0.7614	0.00315072
0.762	0.00308642
0.7626	0.00186471
0.7632	0.000578704
0.7638	0
0.7644	0.000771605
0.765	0.000771605
0.7656	0
0.7662	0
0.7668	0
0.7674	0
0.768	0.000835905
0.7686	0.00128601
0.7692	0.00276492
0.7698	0.00237912
0.7704	0.000450103
0.771	0
0.7716	0
0.7722	0
0.7728	0.00102881
0.7734	0.000514403
0.774	0
0.7746	0.00186471
0.7752	0.00231481
0.7758	0.000450103
0.7764	0
0.777	0.000707305
0.7776	0.00186471
0.7782	0.000514403
0.7788	0.000771605
0.7794	0.00141461
0.78	0.00173611
0.7806	0.000707305
0.7812	0
0.7818	0
0.7824	0
0.783	0.00102881
0.7836	0.00180041
0.7842	0.000257202
0.7848	0
0.7854	0
0.786	0.00231481
0.7866	0.000771605
0.7872	0
0.7878	0.00115741
0.7884	0.000385802
0.789	0.00334362
0.7896	0.00128601
0.7902	0
0.7908	0
0.7914	0
0.792	0
0.7926	0
0.7932	0.00167181
0.7938	0.00327932
0.7944	0.00122171
0.795	0
0.7956	0
0.7962	0
0.7968	0
0.7974	0
0.798	0
0.7986	0
0.7992	0.00173611
0.7998	0.00135031
0.8004	0
0.801	0
0.8016	0.00115741
0.8022	0.00244342
0.8028	0.00212191
0.8034	0.00147891
0.804	0.000514403
0.8046	0
0.8052	0
0.8058	0
0.8064	0.000900206
0.807	0.000643004
0.8076	0
0.8082	0
0.8088	0
0.8094	0
0.81	0
0.8106	0
0.8112	0
0.8118	0
0.8124	0
0.813	0
0.8136	0
0.8142	0.000964506
0.8148	0.000578704
0.8154	0
0.816	0.00192901
0.8166	0.00115741
0.8172	0
0.8178	0.00109311
0.8184	0.000450103
0.819	0
0.8196	0
0.8202	0
0.8208	0
0.8214	0
0.822	0.000900206
0.8226	0.000643004
0.8232	0.000771605
0.8238	0.000771605
0.8244	0
0.825	0.00122171
0.8256	0.000321502
0.8262	0
0.8268	0
0.8274	0
0.828	0
0.8286	0
0.8292	0
0.8298	0
0.8304	0.00199331
0.831	0.00109311
0.8316	0
0.8322	0.00147891
0.8328	0.00160751
0.8334	0
0.834	0.000643004
0.8346	0.00167181
0.8352	0.000643004
0.8358	0
0.8364	0
0.837	0
0.8376	0
0.8382	0
0.8388	0
0.8394	0
0.84	0
0.8406	0
0.8412	0
0.8418	0
0.8424	0
0.843	0
0.8436	0.00115741
0.8442	0.000385802
0.8448	0
0.8454	0
0.846	0
0.8466	0.00115741
0.8472	0.000385802
0.8478	0
0.8484	0
0.849	0
0.8496	0
0.8502	0
0.8508	0
0.8514	0
0.852	0
0.8526	0
0.8532	0
0.8538	0
0.8544	0.000771605
0.855	0.000771605
0.8556	0
0.8562	0.00109311
0.8568	0.000450103
0.8574	0
0.858	0
0.8586	0
0.8592	0
0.8598	0
0.8604	0
0.861	0
0.8616	0
0.8622	0
0.8628	0
0.8634	0.000771605
0.864	0.000771605
0.8646	0
0.8652	0
0.8658	0
0.8664	0
0.867	0
0.8676	0
0.8682	0
0.8688	0
0.8694	0
0.87	0
0.8706	0
0.8712	0
0.8718	0
0.8724	0.000771605
0.873	0.000771605
0.8736	0
0.8742	0.000835905
0.8748	0.00160751
0.8754	0.000643004
0.876	0.00160751
0.8766	0.00147891
0.8772	0
0.8778	0
0.8784	0
0.879	0
0.8796	0
0.8802	0.00135031
0.8808	0.000192901
0.8814	0
0.882	0
0.8826	0
0.8832	0.00122171
0.8838	0.000321502
0.8844	0
0.885	0
0.8856	0.000707305
0.8862	0.00160751
0.8868	0.000771605
0.8874	0
0.888	0
0.8886	0
0.8892	0
0.8898	0
0.8904	0
0.891	0
0.8916	0
0.8922	0.00102881
0.8928	0.000514403
0.8934	0
0.894	0.00109311
0.8946	0.000450103
0.8952	0
0.8958	0.000771605
0.8964	0.000771605
0.897	0
0.8976	0
0.8982	0
0.8988	0.00135031
0.8994	0.000192901
0.9	0
0.9006	0
0.9012	0
0.9018	0
0.9024	0
0.903	0
0.9036	0
0.9042	0
0.9048	0
0.9054	0
0.906	0
0.9066	0
0.9072	0
0.9078	0
0.9084	0
0.909	0
0.9096	0
0.9102	0
0.9108	0
0.9114	0
0.912	0
0.9126	0
0.9132	0
0.9138	0.000707305
0.9144	0.000835905
0.915	0.00115741
0.9156	0.000385802
0.9162	0
0.9168	0
0.9174	0
0.918	0
0.9186	0.000643004
0.9192	0.00147891
0.9198	0.00167181
0.9204	0.000835905
0.921	0
0.9216	0
0.9222	0
0.9228	0
0.9234	0
0.924	0
0.9246	0
0.9252	0
0.9258	0
0.9264	0
0.927	0
0.9276	0
0.9282	0
0.9288	0
0.9294	0
0.93	0.000900206
0.9306	0.000643004
0.9312	0
0.9318	0
0.9324	0
0.933	0
0.9336	0
0.9342	0
0.9348	0
0.9354	0
0.936	0
0.9366	0
0.9372	0
0.9378	0
0.9384	0
0.939	0
0.9396	0.00115741
0.9402	0.000385802
0.9408	0.000900206
0.9414	0.000643004
0.942	0
0.9426	0
0.9432	0
0.9438	0.000771605
0.9444	0.000771605
0.945	0
0.9456	0
0.9462	0
0.9468	0
0.9474	0
0.948	0
0.9486	0
0.9492	0
0.9498	0
0.9504	0
0.951	0.000707305
0.9516	0.000835905
0.9522	0
0.9528	0
0.9534	0
0.954	0
0.9546	0
0.9552	0
0.9558	0
0.9564	0
0.957	0
0.9576	0
0.9582	0
0.9588	0
0.9594	0
0.96	0
0.9606	0
0.9612	0
0.9618	0
0.9624	0.00141461
0.963	0.000128601
0.9636	0
0.9642	0
0.9648	0
0.9654	0
0.966	0
0.9666	0
0.9672	0
0.9678	0
0.9684	0
0.969	0
0.9696	0
0.9702	0
0.9708	0
0.9714	0
0.972	0
0.9726	0
0.9732	0
0.9738	0
0.9744	0
0.975	0
0.9756	0
0.9762	0
0.9768	0
0.9774	0
0.978	0
0.9786	0
0.9792	0
0.9798	0
0.9804	0
0.981	0
0.9816	0
0.9822	0
0.9828	0
0.9834	0
0.984	0
0.9846	0
0.9852	0
0.9858	0
0.9864	0
0.987	0
0.9876	0
0.9882	0
0.9888	0
0.9894	0
0.99	0
0.9906	0
0.9912	0
0.9918	0
0.9924	0
0.993	0
0.9936	0
0.9942	0
0.9948	0
0.9954	0.00135031
0.996	0.000192901
0.9966	0
0.9972	0
0.9978	0
0.9984	0
0.999	0
0.9996	0
1.0002	0
1.0008	0
1.0014	0
1.002	0
1.0026	0
1.0032	0
1.0038	0
1.0044	0
1.005	0
1.0056	0
1.0062	0
1.0068	0
1.0074	0
1.008	0
1.0086	0
1.0092	0
1.0098	0
1.0104	0
1.011	0
1.0116	0
1.0122	0
1.0128	0
1.0134	0
1.014	0
1.0146	0
1.0152	0
1.0158	0
1.0164	0
1.017	0
1.0176	0
1.0182	0
1.0188	0
1.0194	0
1.02	0
1.0206	0
1.0212	0
1.0218	0
1.0224	0
1.023	0
1.0236	0
1.0242	0
1.0248	0
1.0254	0
1.026	0
1.0266	0
1.0272	0
1.0278	0
1.0284	0
1.029	0
1.0296	0
1.0302	0
1.0308	0
1.0314	0
1.032	0
1.0326	0
1.0332	0
1.0338	0
1.0344	0
1.035	0
1.0356	0
1.0362	0
1.0368	0
1.0374	0
1.038	0
1.0386	0
1.0392	0
1.0398	0
1.0404	0
1.041	0
1.0416	0
1.0422	0
1.0428	0
1.0434	0
1.044	0
1.0446	0
1.0452	0
1.0458	0
1.0464	0
1.047	0
1.0476	0
1.0482	0
1.0488	0
1.0494	0
1.05	0
1.0506	0
1.0512	0
1.0518	0
1.0524	0
1.053	0
1.0536	0
1.0542	0
1.0548	0
1.0554	0
1.056	0
1.0566	0
1.0572	0
1.0578	0
1.0584	0
1.059	0
1.0596	0
1.0602	0
1.0608	0
1.0614	0
1.062	0
1.0626	0
1.0632	0
1.0638	0
1.0644	0
1.065	0
1.0656	0
1.0662	0
1.0668	0
1.0674	0
1.068	0
1.0686	0
1.0692	0
1.0698	0
1.0704	0
1.071	0
1.0716	0
1.0722	0
1.0728	0
1.0734	0
1.074	0
1.0746	0
1.0752	0
1.0758	0
1.0764	0
1.077	0
1.0776	0
1.0782	0
1.0788	0
1.0794	0
1.08	0
1.0806	0
1.0812	0
1.0818	0
1.0824	0
1.083	0
1.0836	0
1.0842	0
1.0848	0
1.0854	0
1.086	0
1.0866	0.00115741
1.0872	0.000385802
1.0878	0
1.0884	0
1.089	0
1.0896	0
1.0902	0
1.0908	0
1.0914	0
1.092	0.000964506
1.0926	0.000578704
1.0932	0
1.0938	0
1.0944	0
1.095	0
1.0956	0
1.0962	0
1.0968	0
1.0974	0
1.098	0
1.0986	0
1.0992	0
1.0998	0
1.1004	0
1.101	0
1.1016	0
1.1022	0
1.1028	0
1.1034	0
1.104	0
1.1046	0
1.1052	0
1.1058	0
1.1064	0
1.107	0
1.1076	0
1.1082	0
1.1088	0
1.1094	0
1.11	0
1.1106	0
1.1112	0
1.1118	0
1.1124	0
1.113	0
1.1136	0
1.1142	0
1.1148	0
1.1154	0
1.116	0
1.1166	0
1.1172	0
1.1178	0
1.1184	0
1.119	0
1.1196	0
1.1202	0
1.1208	0
1.1214	0
1.122	0
1.1226	0
1.1232	0
1.1238	0
1.1244	0
1.125	0
1.1256	0
1.1262	0
1.1268	0
1.1274	0
1.128	0
1.1286	0
1.1292	0
1.1298	0
1.1304	0
1.131	0
1.1316	0
1.1322	0
1.1328	0
1.1334	0
1.134	0
1.1346	0
1.1352	0
1.1358	0
1.1364	0
1.137	0
1.1376	0
1.1382	0
1.1388	0
1.1394	0
1.14	0
1.1406	0
1.1412	0
1.1418	0
1.1424	0
1.143	0
1.1436	0
1.1442	0
1.1448	0
1.1454	0
1.146	0
1.1466	0
1.1472	0
1.1478	0
1.1484	0
1.149	0
1.1496	0
1.1502	0
1.1508	0
1.1514	0
1.152	0
1.1526	0
1.1532	0
1.1538	0
1.1544	0
1.155	0
1.1556	0
1.1562	0
1.1568	0
1.1574	0
1.158	0
1.1586	0
1.1592	0
1.1598	0
1.1604	0
1.161	0
1.1616	0
1.1622	0
1.1628	0
1.1634	0
1.164	0
1.1646	0
1.1652	0
1.1658	0
1.1664	0
1.167	0
1.1676	0
1.1682	0
1.1688	0
1.1694	0
1.17	0
1.1706	0
1.1712	0
1.1718	0
1.1724	0
1.173	0
1.1736	0
1.1742	0
1.1748	0
1.1754	0
1.176	0
1.1766	0
1.1772	0
1.1778	0
1.1784	0
1.179	0
1.1796	0
1.1802	0
1.1808	0
1.1814	0
1.182	0
1.1826	0
1.1832	0
1.1838	0
1.1844	0
1.185	0
1.1856	0
1.1862	0
1.1868	0
1.1874	0
1.188	0
1.1886	0
1.1892	0
1.1898	0
1.1904	0
1.191	0
1.1916	0
1.1922	0
1.1928	0
1.1934	0
1.194	0
1.1946	0
1.1952	0
1.1958	0
1.1964	0
1.197	0
1.1976	0
1.1982	0
1.1988	0
1.1994	0
